Clark Y                                         
 Alfa =  -3.49014 Re =   231570.172 Xflap,Yflap =     0.000000    0.000000
#    x        y        Cp  
   1.00000  0.00000  0.22544
   0.99510  0.00116  0.20764
   0.98680  0.00311  0.18545
   0.97724  0.00533  0.16002
   0.96655  0.00780  0.12960
   0.95512  0.01041  0.09178
   0.94322  0.01310  0.04228
   0.93100  0.01584 -0.02466
   0.91861  0.01860 -0.09868
   0.90614  0.02136 -0.18373
   0.89363  0.02410 -0.18118
   0.88110  0.02683 -0.18292
   0.86858  0.02952 -0.18449
   0.85606  0.03219 -0.18599
   0.84356  0.03482 -0.18749
   0.83107  0.03741 -0.18907
   0.81860  0.03997 -0.19077
   0.80614  0.04247 -0.19267
   0.79370  0.04493 -0.19485
   0.78128  0.04733 -0.19739
   0.76887  0.04968 -0.20039
   0.75648  0.05198 -0.20394
   0.74409  0.05421 -0.20812
   0.73172  0.05638 -0.21299
   0.71935  0.05849 -0.21846
   0.70698  0.06053 -0.22453
   0.69461  0.06250 -0.23140
   0.68225  0.06441 -0.23913
   0.66988  0.06624 -0.24749
   0.65751  0.06801 -0.25618
   0.64512  0.06971 -0.26499
   0.63273  0.07134 -0.27352
   0.62033  0.07290 -0.28164
   0.60792  0.07440 -0.28934
   0.59549  0.07582 -0.29627
   0.58304  0.07718 -0.30268
   0.57058  0.07848 -0.30850
   0.55811  0.07971 -0.31392
   0.54562  0.08088 -0.31868
   0.53311  0.08199 -0.32330
   0.52059  0.08304 -0.32749
   0.50805  0.08403 -0.33143
   0.49550  0.08497 -0.33543
   0.48295  0.08584 -0.33929
   0.47038  0.08666 -0.34328
   0.45781  0.08743 -0.34714
   0.44524  0.08813 -0.35152
   0.43268  0.08878 -0.35598
   0.42012  0.08938 -0.36085
   0.40758  0.08991 -0.36569
   0.39506  0.09038 -0.37101
   0.38256  0.09078 -0.37690
   0.37009  0.09111 -0.38243
   0.35766  0.09137 -0.38863
   0.34527  0.09155 -0.39484
   0.33294  0.09165 -0.40141
   0.32066  0.09166 -0.40795
   0.30845  0.09157 -0.41327
   0.29631  0.09137 -0.41944
   0.28425  0.09106 -0.42419
   0.27227  0.09063 -0.42785
   0.26038  0.09008 -0.43146
   0.24858  0.08938 -0.43130
   0.23688  0.08854 -0.43166
   0.22529  0.08755 -0.42880
   0.21381  0.08639 -0.42359
   0.20244  0.08506 -0.41400
   0.19118  0.08356 -0.40146
   0.18004  0.08186 -0.38544
   0.16902  0.07998 -0.36549
   0.15812  0.07790 -0.33894
   0.14734  0.07561 -0.30865
   0.13670  0.07311 -0.27206
   0.12618  0.07040 -0.23140
   0.11582  0.06747 -0.18431
   0.10562  0.06434 -0.13114
   0.09560  0.06100 -0.07403
   0.08583  0.05748 -0.01002
   0.07635  0.05381  0.05860
   0.06728  0.05003  0.13031
   0.05871  0.04621  0.20188
   0.05080  0.04244  0.27759
   0.04363  0.03881  0.35224
   0.03727  0.03538  0.42616
   0.03172  0.03221  0.49521
   0.02692  0.02929  0.56325
   0.02278  0.02662  0.62608
   0.01920  0.02417  0.68856
   0.01610  0.02192  0.74366
   0.01342  0.01981  0.79782
   0.01108  0.01785  0.85520
   0.00903  0.01600  0.90040
   0.00722  0.01423  0.94006
   0.00565  0.01249  0.97857
   0.00429  0.01080  1.00022
   0.00314  0.00916  1.00333
   0.00220  0.00760  0.98100
   0.00144  0.00609  0.92990
   0.00085  0.00464  0.84802
   0.00041  0.00323  0.70867
   0.00013  0.00185  0.53282
   0.00001  0.00049  0.33727
   0.00004 -0.00086  0.09116
   0.00022 -0.00223 -0.12182
   0.00056 -0.00361 -0.36441
   0.00105 -0.00501 -0.56856
   0.00170 -0.00643 -0.76951
   0.00252 -0.00788 -1.00302
   0.00353 -0.00936 -1.19514
   0.00474 -0.01084 -1.37147
   0.00615 -0.01229 -1.51497
   0.00778 -0.01369 -1.57063
   0.00963 -0.01504 -1.58862
   0.01171 -0.01637 -1.58041
   0.01403 -0.01769 -1.57121
   0.01665 -0.01899 -1.55006
   0.01960 -0.02025 -1.50496
   0.02291 -0.02149 -1.45009
   0.02666 -0.02269 -1.38091
   0.03091 -0.02385 -1.30584
   0.03574 -0.02497 -1.22848
   0.04124 -0.02602 -1.15766
   0.04750 -0.02699 -1.09825
   0.05460 -0.02786 -1.05222
   0.06260 -0.02860 -1.01886
   0.07150 -0.02919 -0.99446
   0.08124 -0.02963 -0.97530
   0.09174 -0.02991 -0.95863
   0.10287 -0.03004 -0.94232
   0.11450 -0.03005 -0.86938
   0.12652 -0.02996 -0.59682
   0.13884 -0.02979 -0.44297
   0.15138 -0.02956 -0.37767
   0.16408 -0.02929 -0.34313
   0.17690 -0.02900 -0.32138
   0.18980 -0.02869 -0.30255
   0.20275 -0.02837 -0.28737
   0.21574 -0.02805 -0.27168
   0.22874 -0.02773 -0.25853
   0.24175 -0.02740 -0.24747
   0.25476 -0.02708 -0.23595
   0.26777 -0.02675 -0.22558
   0.28076 -0.02642 -0.21694
   0.29375 -0.02608 -0.20833
   0.30671 -0.02574 -0.20121
   0.31967 -0.02539 -0.19329
   0.33262 -0.02503 -0.18531
   0.34555 -0.02466 -0.17888
   0.35848 -0.02428 -0.17162
   0.37140 -0.02388 -0.16492
   0.38431 -0.02347 -0.15820
   0.39722 -0.02304 -0.15017
   0.41013 -0.02259 -0.14374
   0.42305 -0.02213 -0.13671
   0.43596 -0.02166 -0.12969
   0.44888 -0.02117 -0.12216
   0.46181 -0.02067 -0.11502
   0.47475 -0.02015 -0.10756
   0.48770 -0.01962 -0.10021
   0.50066 -0.01908 -0.09286
   0.51363 -0.01854 -0.08560
   0.52661 -0.01799 -0.07827
   0.53960 -0.01743 -0.07107
   0.55260 -0.01687 -0.06397
   0.56561 -0.01632 -0.05711
   0.57860 -0.01576 -0.05029
   0.59159 -0.01520 -0.04367
   0.60457 -0.01465 -0.03739
   0.61755 -0.01411 -0.03100
   0.63051 -0.01358 -0.02517
   0.64347 -0.01305 -0.01923
   0.65643 -0.01253 -0.01379
   0.66938 -0.01202 -0.00834
   0.68234 -0.01152 -0.00321
   0.69529 -0.01104  0.00179
   0.70825 -0.01056  0.00670
   0.72121 -0.01009  0.01137
   0.73417 -0.00962  0.01600
   0.74715 -0.00917  0.02061
   0.76013 -0.00872  0.02520
   0.77312 -0.00828  0.02971
   0.78612 -0.00783  0.03447
   0.79913 -0.00740  0.03932
   0.81213 -0.00696  0.04437
   0.82513 -0.00652  0.04967
   0.83812 -0.00607  0.05530
   0.85110 -0.00562  0.06149
   0.86407 -0.00517  0.06802
   0.87703 -0.00471  0.07531
   0.88997 -0.00424  0.08310
   0.90288 -0.00376  0.09184
   0.91576 -0.00327  0.10117
   0.92856 -0.00278  0.11174
   0.94121 -0.00229  0.12317
   0.95355 -0.00181  0.13571
   0.96541 -0.00134  0.14942
   0.97650 -0.00090  0.16416
   0.98640 -0.00052  0.17993
   0.99496 -0.00019  0.19743
   1.00000  0.00000  0.22544
