Clark Y                                         
 Alfa =  -1.69860 Re =   275799.500 Xflap,Yflap =     0.000000    0.000000
#    x        y        Cp  
   1.00000  0.00000  0.24958
   0.99762  0.00056  0.23293
   0.99383  0.00146  0.21845
   0.98975  0.00242  0.20444
   0.98536  0.00345  0.19088
   0.98065  0.00454  0.17730
   0.97563  0.00571  0.16343
   0.97034  0.00693  0.14992
   0.96484  0.00819  0.13643
   0.95917  0.00948  0.12322
   0.95337  0.01080  0.11079
   0.94745  0.01214  0.09839
   0.94145  0.01350  0.08645
   0.93538  0.01486  0.07487
   0.92925  0.01623  0.06362
   0.92309  0.01761  0.05247
   0.91690  0.01898  0.04132
   0.91069  0.02036  0.03043
   0.90448  0.02173  0.01900
   0.89825  0.02309  0.00716
   0.89202  0.02446 -0.00537
   0.88578  0.02581 -0.01926
   0.87954  0.02716 -0.03482
   0.87331  0.02851 -0.05259
   0.86707  0.02985 -0.07311
   0.86084  0.03117 -0.09690
   0.85461  0.03250 -0.12462
   0.84838  0.03381 -0.15632
   0.84216  0.03511 -0.19268
   0.83594  0.03641 -0.23281
   0.82973  0.03769 -0.27124
   0.82352  0.03896 -0.29933
   0.81731  0.04023 -0.30117
   0.81111  0.04148 -0.30292
   0.80491  0.04272 -0.30461
   0.79872  0.04394 -0.30627
   0.79253  0.04516 -0.30792
   0.78634  0.04636 -0.30957
   0.78016  0.04755 -0.31124
   0.77398  0.04872 -0.31294
   0.76781  0.04988 -0.31469
   0.76164  0.05103 -0.31648
   0.75547  0.05216 -0.31835
   0.74930  0.05328 -0.32030
   0.74314  0.05438 -0.32233
   0.73697  0.05547 -0.32446
   0.73081  0.05654 -0.32669
   0.72465  0.05759 -0.32903
   0.71850  0.05863 -0.33149
   0.71234  0.05965 -0.33407
   0.70618  0.06066 -0.33676
   0.70003  0.06164 -0.33954
   0.69387  0.06262 -0.34242
   0.68772  0.06357 -0.34541
   0.68156  0.06451 -0.34853
   0.67540  0.06543 -0.35180
   0.66924  0.06634 -0.35520
   0.66308  0.06722 -0.35873
   0.65692  0.06809 -0.36245
   0.65076  0.06895 -0.36624
   0.64459  0.06978 -0.37012
   0.63842  0.07060 -0.37412
   0.63225  0.07140 -0.37818
   0.62608  0.07219 -0.38230
   0.61991  0.07295 -0.38638
   0.61373  0.07371 -0.39058
   0.60754  0.07444 -0.39462
   0.60136  0.07516 -0.39873
   0.59517  0.07586 -0.40281
   0.58897  0.07654 -0.40681
   0.58278  0.07721 -0.41073
   0.57658  0.07787 -0.41459
   0.57037  0.07850 -0.41840
   0.56416  0.07912 -0.42205
   0.55795  0.07973 -0.42573
   0.55173  0.08032 -0.42938
   0.54551  0.08089 -0.43293
   0.53929  0.08145 -0.43650
   0.53306  0.08200 -0.43995
   0.52683  0.08253 -0.44337
   0.52059  0.08304 -0.44668
   0.51435  0.08354 -0.45023
   0.50811  0.08403 -0.45355
   0.50186  0.08450 -0.45721
   0.49561  0.08496 -0.46014
   0.48936  0.08540 -0.46403
   0.48311  0.08583 -0.46707
   0.47686  0.08625 -0.47116
   0.47060  0.08665 -0.47410
   0.46434  0.08704 -0.47819
   0.45808  0.08741 -0.48191
   0.45183  0.08777 -0.48553
   0.44557  0.08812 -0.48944
   0.43931  0.08845 -0.49360
   0.43306  0.08877 -0.49710
   0.42681  0.08907 -0.50168
   0.42056  0.08936 -0.50614
   0.41431  0.08963 -0.51012
   0.40807  0.08989 -0.51484
   0.40183  0.09013 -0.51916
   0.39559  0.09036 -0.52448
   0.38937  0.09057 -0.52939
   0.38315  0.09076 -0.53407
   0.37694  0.09094 -0.53918
   0.37073  0.09110 -0.54414
   0.36454  0.09124 -0.54986
   0.35835  0.09136 -0.55510
   0.35218  0.09146 -0.56056
   0.34602  0.09154 -0.56614
   0.33987  0.09161 -0.57209
   0.33373  0.09165 -0.57708
   0.32761  0.09166 -0.58401
   0.32151  0.09166 -0.58867
   0.31541  0.09163 -0.59486
   0.30934  0.09158 -0.60101
   0.30328  0.09150 -0.60596
   0.29725  0.09139 -0.61190
   0.29123  0.09125 -0.61767
   0.28523  0.09109 -0.62311
   0.27925  0.09090 -0.62913
   0.27329  0.09068 -0.63252
   0.26736  0.09042 -0.63874
   0.26145  0.09013 -0.64343
   0.25556  0.08981 -0.64643
   0.24969  0.08945 -0.65015
   0.24385  0.08906 -0.65471
   0.23804  0.08863 -0.65585
   0.23225  0.08816 -0.65921
   0.22648  0.08766 -0.66082
   0.22075  0.08711 -0.66136
   0.21504  0.08652 -0.66033
   0.20936  0.08589 -0.66148
   0.20370  0.08522 -0.65888
   0.19808  0.08450 -0.65681
   0.19248  0.08374 -0.65035
   0.18691  0.08293 -0.64735
   0.18138  0.08208 -0.64000
   0.17587  0.08118 -0.63347
   0.17039  0.08022 -0.62839
   0.16494  0.07923 -0.61637
   0.15952  0.07818 -0.60532
   0.15413  0.07707 -0.59405
   0.14877  0.07592 -0.57676
   0.14345  0.07472 -0.56534
   0.13815  0.07346 -0.54570
   0.13289  0.07216 -0.52865
   0.12767  0.07079 -0.50689
   0.12248  0.06938 -0.48603
   0.11732  0.06791 -0.46277
   0.11221  0.06639 -0.43940
   0.10714  0.06482 -0.41010
   0.10211  0.06320 -0.38411
   0.09714  0.06153 -0.35444
   0.09222  0.05981 -0.32250
   0.08736  0.05805 -0.29014
   0.08258  0.05625 -0.25637
   0.07787  0.05442 -0.22593
   0.07326  0.05255 -0.18548
   0.06876  0.05066 -0.14900
   0.06438  0.04877 -0.11398
   0.06014  0.04686 -0.07182
   0.05605  0.04497 -0.04020
   0.05213  0.04309 -0.00136
   0.04839  0.04125  0.04486
   0.04485  0.03944  0.07787
   0.04151  0.03769  0.11439
   0.03837  0.03599  0.14809
   0.03544  0.03435  0.18912
   0.03270  0.03278  0.22515
   0.03015  0.03127  0.25719
   0.02778  0.02983  0.29957
   0.02558  0.02844  0.32644
   0.02353  0.02712  0.35801
   0.02163  0.02586  0.39911
   0.01987  0.02464  0.42305
   0.01822  0.02348  0.46017
   0.01669  0.02236  0.49453
   0.01527  0.02128  0.52522
   0.01394  0.02023  0.55373
   0.01270  0.01922  0.58650
   0.01154  0.01825  0.62352
   0.01046  0.01731  0.64786
   0.00944  0.01639  0.69042
   0.00849  0.01549  0.71738
   0.00760  0.01461  0.74701
   0.00676  0.01374  0.78300
   0.00598  0.01287  0.81512
   0.00525  0.01202  0.84574
   0.00458  0.01118  0.88351
   0.00396  0.01035  0.91034
   0.00339  0.00953  0.94156
   0.00287  0.00874  0.97124
   0.00240  0.00796  0.99108
   0.00198  0.00719  1.00968
   0.00160  0.00645  1.02650
   0.00127  0.00571  1.03458
   0.00097  0.00499  1.04005
   0.00072  0.00428  1.03460
   0.00051  0.00358  1.02756
   0.00033  0.00289  1.01303
   0.00019  0.00220  0.98955
   0.00009  0.00152  0.94847
   0.00003  0.00084  0.90937
   0.00000  0.00017  0.84583
   0.00001 -0.00051  0.79674
   0.00007 -0.00119  0.72992
   0.00016 -0.00186  0.65201
   0.00029 -0.00255  0.58495
   0.00045 -0.00323  0.51150
   0.00066 -0.00392  0.41693
   0.00090 -0.00462  0.35443
   0.00118 -0.00532  0.21864
   0.00150 -0.00603  0.14755
   0.00186 -0.00675  0.03792
   0.00227 -0.00747 -0.03328
   0.00272 -0.00820 -0.11837
   0.00322 -0.00893 -0.23636
   0.00377 -0.00967 -0.32740
   0.00436 -0.01041 -0.42130
   0.00501 -0.01114 -0.52428
   0.00571 -0.01187 -0.60767
   0.00647 -0.01258 -0.67749
   0.00728 -0.01327 -0.74648
   0.00814 -0.01396 -0.76788
   0.00905 -0.01464 -0.81473
   0.01002 -0.01530 -0.85953
   0.01104 -0.01597 -0.85978
   0.01213 -0.01663 -0.91265
   0.01328 -0.01728 -0.92830
   0.01450 -0.01793 -0.93998
   0.01579 -0.01858 -0.96290
   0.01716 -0.01922 -0.97965
   0.01862 -0.01985 -0.97987
   0.02016 -0.02047 -0.98677
   0.02180 -0.02109 -0.98241
   0.02353 -0.02170 -0.98558
   0.02538 -0.02230 -0.97497
   0.02735 -0.02289 -0.95701
   0.02944 -0.02347 -0.94951
   0.03167 -0.02404 -0.93256
   0.03405 -0.02460 -0.90923
   0.03658 -0.02514 -0.89083
   0.03929 -0.02567 -0.86618
   0.04218 -0.02618 -0.83921
   0.04526 -0.02667 -0.81070
   0.04854 -0.02713 -0.78394
   0.05204 -0.02757 -0.75531
   0.05576 -0.02798 -0.72605
   0.05970 -0.02835 -0.69799
   0.06386 -0.02869 -0.67083
   0.06825 -0.02900 -0.64567
   0.07285 -0.02926 -0.62249
   0.07766 -0.02949 -0.60133
   0.08267 -0.02968 -0.58230
   0.08786 -0.02982 -0.56526
   0.09322 -0.02993 -0.55034
   0.09873 -0.03001 -0.53710
   0.10438 -0.03005 -0.52535
   0.11014 -0.03006 -0.51464
   0.11602 -0.03005 -0.50484
   0.12199 -0.03000 -0.49579
   0.12804 -0.02994 -0.48702
   0.13415 -0.02986 -0.47852
   0.14033 -0.02976 -0.47020
   0.14657 -0.02965 -0.46169
   0.15284 -0.02953 -0.45280
   0.15916 -0.02940 -0.41299
   0.16551 -0.02926 -0.31621
   0.17188 -0.02912 -0.24370
   0.17828 -0.02897 -0.19774
   0.18470 -0.02881 -0.17174
   0.19113 -0.02866 -0.15784
   0.19757 -0.02850 -0.15257
   0.20403 -0.02834 -0.14870
   0.21049 -0.02818 -0.14565
   0.21696 -0.02802 -0.14539
   0.22344 -0.02786 -0.14160
   0.22991 -0.02770 -0.13872
   0.23639 -0.02753 -0.13684
   0.24287 -0.02737 -0.13384
   0.24935 -0.02721 -0.13180
   0.25582 -0.02705 -0.12883
   0.26230 -0.02689 -0.12980
   0.26877 -0.02672 -0.12416
   0.27524 -0.02656 -0.12263
   0.28171 -0.02639 -0.12035
   0.28817 -0.02623 -0.11832
   0.29463 -0.02606 -0.11771
   0.30109 -0.02589 -0.11399
   0.30755 -0.02572 -0.11184
   0.31400 -0.02555 -0.10913
   0.32045 -0.02537 -0.10822
   0.32689 -0.02519 -0.10554
   0.33334 -0.02501 -0.10367
   0.33978 -0.02483 -0.10097
   0.34622 -0.02464 -0.09979
   0.35265 -0.02445 -0.09733
   0.35909 -0.02426 -0.09553
   0.36552 -0.02406 -0.09182
   0.37195 -0.02386 -0.09047
   0.37838 -0.02366 -0.08800
   0.38481 -0.02345 -0.08663
   0.39124 -0.02324 -0.08286
   0.39766 -0.02302 -0.08111
   0.40409 -0.02280 -0.07786
   0.41052 -0.02258 -0.07637
   0.41695 -0.02235 -0.07416
   0.42338 -0.02212 -0.07073
   0.42981 -0.02189 -0.06905
   0.43624 -0.02165 -0.06440
   0.44267 -0.02141 -0.06376
   0.44910 -0.02116 -0.06020
   0.45554 -0.02091 -0.05728
   0.46198 -0.02066 -0.05400
   0.46842 -0.02040 -0.05189
   0.47486 -0.02014 -0.04850
   0.48130 -0.01988 -0.04572
   0.48775 -0.01962 -0.04297
   0.49420 -0.01935 -0.04002
   0.50065 -0.01909 -0.03729
   0.50711 -0.01881 -0.03357
   0.51357 -0.01854 -0.03166
   0.52003 -0.01827 -0.02814
   0.52649 -0.01799 -0.02522
   0.53296 -0.01772 -0.02179
   0.53943 -0.01744 -0.01948
   0.54590 -0.01716 -0.01647
   0.55238 -0.01688 -0.01377
   0.55885 -0.01661 -0.01060
   0.56532 -0.01633 -0.00737
   0.57179 -0.01605 -0.00505
   0.57826 -0.01577 -0.00175
   0.58473 -0.01550  0.00103
   0.59120 -0.01522  0.00311
   0.59766 -0.01495  0.00627
   0.60412 -0.01467  0.00888
   0.61058 -0.01440  0.01112
   0.61704 -0.01413  0.01398
   0.62350 -0.01386  0.01642
   0.62995 -0.01360  0.01919
   0.63641 -0.01334  0.02099
   0.64286 -0.01307  0.02374
   0.64931 -0.01281  0.02584
   0.65576 -0.01256  0.02814
   0.66221 -0.01230  0.03040
   0.66866 -0.01205  0.03255
   0.67510 -0.01180  0.03478
   0.68155 -0.01155  0.03666
   0.68800 -0.01131  0.03884
   0.69445 -0.01107  0.04074
   0.70090 -0.01083  0.04274
   0.70735 -0.01059  0.04439
   0.71380 -0.01035  0.04644
   0.72025 -0.01012  0.04860
   0.72671 -0.00989  0.04998
   0.73317 -0.00966  0.05206
   0.73962 -0.00943  0.05358
   0.74608 -0.00921  0.05555
   0.75254 -0.00898  0.05739
   0.75901 -0.00876  0.05920
   0.76548 -0.00854  0.06116
   0.77194 -0.00832  0.06264
   0.77841 -0.00810  0.06473
   0.78489 -0.00788  0.06644
   0.79136 -0.00766  0.06824
   0.79784 -0.00744  0.07031
   0.80431 -0.00722  0.07252
   0.81079 -0.00700  0.07438
   0.81726 -0.00678  0.07658
   0.82373 -0.00656  0.07886
   0.83020 -0.00634  0.08084
   0.83667 -0.00612  0.08355
   0.84313 -0.00590  0.08591
   0.84959 -0.00568  0.08872
   0.85605 -0.00545  0.09162
   0.86251 -0.00522  0.09435
   0.86896 -0.00500  0.09765
   0.87541 -0.00477  0.10062
   0.88185 -0.00453  0.10424
   0.88830 -0.00430  0.10787
   0.89473 -0.00406  0.11160
   0.90116 -0.00382  0.11594
   0.90758 -0.00358  0.12022
   0.91399 -0.00334  0.12484
   0.92038 -0.00310  0.12959
   0.92675 -0.00285  0.13506
   0.93308 -0.00261  0.14053
   0.93937 -0.00236  0.14608
   0.94559 -0.00212  0.15238
   0.95173 -0.00188  0.15887
   0.95774 -0.00164  0.16548
   0.96363 -0.00141  0.17290
   0.96933 -0.00118  0.18027
   0.97482 -0.00097  0.18808
   0.98002 -0.00076  0.19618
   0.98490 -0.00058  0.20415
   0.98944 -0.00040  0.21286
   0.99365 -0.00024  0.22220
   0.99755 -0.00009  0.23306
   1.00000  0.00000  0.24958
