Clark Y                                         
 Alfa =   0.44416 Re =    35678.598 Xflap,Yflap =     0.000000    0.000000
#    x        y        Cp  
   1.00000  0.00000 -0.14427
   0.99762  0.00056 -0.14843
   0.99383  0.00146 -0.15576
   0.98975  0.00242 -0.16423
   0.98536  0.00345 -0.17413
   0.98065  0.00454 -0.18576
   0.97563  0.00571 -0.18581
   0.97034  0.00693 -0.18587
   0.96484  0.00819 -0.18592
   0.95917  0.00948 -0.18598
   0.95337  0.01080 -0.18604
   0.94745  0.01214 -0.18609
   0.94145  0.01350 -0.18614
   0.93538  0.01486 -0.18620
   0.92925  0.01623 -0.18625
   0.92309  0.01761 -0.18629
   0.91690  0.01898 -0.18634
   0.91069  0.02036 -0.18638
   0.90448  0.02173 -0.18643
   0.89825  0.02309 -0.18646
   0.89202  0.02446 -0.18651
   0.88578  0.02581 -0.18654
   0.87954  0.02716 -0.18658
   0.87331  0.02851 -0.18662
   0.86707  0.02985 -0.18665
   0.86084  0.03117 -0.18669
   0.85461  0.03250 -0.18672
   0.84838  0.03381 -0.18676
   0.84216  0.03511 -0.18680
   0.83594  0.03641 -0.18684
   0.82973  0.03769 -0.18688
   0.82352  0.03896 -0.18692
   0.81731  0.04023 -0.18697
   0.81111  0.04148 -0.18701
   0.80491  0.04272 -0.18707
   0.79872  0.04394 -0.18713
   0.79253  0.04516 -0.18719
   0.78634  0.04636 -0.18726
   0.78016  0.04755 -0.18734
   0.77398  0.04872 -0.18742
   0.76781  0.04988 -0.18751
   0.76164  0.05103 -0.18762
   0.75547  0.05216 -0.18773
   0.74930  0.05328 -0.18786
   0.74314  0.05438 -0.18800
   0.73697  0.05547 -0.18816
   0.73081  0.05654 -0.18833
   0.72465  0.05759 -0.18851
   0.71850  0.05863 -0.18872
   0.71234  0.05965 -0.18894
   0.70618  0.06066 -0.18919
   0.70003  0.06164 -0.18946
   0.69387  0.06262 -0.18976
   0.68772  0.06357 -0.19008
   0.68156  0.06451 -0.19044
   0.67540  0.06543 -0.19082
   0.66924  0.06634 -0.19124
   0.66308  0.06722 -0.19169
   0.65692  0.06809 -0.19217
   0.65076  0.06895 -0.19271
   0.64459  0.06978 -0.19329
   0.63842  0.07060 -0.19392
   0.63225  0.07140 -0.19459
   0.62608  0.07219 -0.19532
   0.61991  0.07295 -0.19609
   0.61373  0.07371 -0.19693
   0.60754  0.07444 -0.19785
   0.60136  0.07516 -0.19881
   0.59517  0.07586 -0.19984
   0.58897  0.07654 -0.20097
   0.58278  0.07721 -0.20216
   0.57658  0.07787 -0.20345
   0.57037  0.07850 -0.20480
   0.56416  0.07912 -0.20628
   0.55795  0.07973 -0.20784
   0.55173  0.08032 -0.20951
   0.54551  0.08089 -0.21129
   0.53929  0.08145 -0.21317
   0.53306  0.08200 -0.21520
   0.52683  0.08253 -0.21735
   0.52059  0.08304 -0.21964
   0.51435  0.08354 -0.22206
   0.50811  0.08403 -0.22464
   0.50186  0.08450 -0.22738
   0.49561  0.08496 -0.23027
   0.48936  0.08540 -0.23333
   0.48311  0.08583 -0.23659
   0.47686  0.08625 -0.24000
   0.47060  0.08665 -0.24362
   0.46434  0.08704 -0.24741
   0.45808  0.08741 -0.25140
   0.45183  0.08777 -0.25560
   0.44557  0.08812 -0.25998
   0.43931  0.08845 -0.26453
   0.43306  0.08877 -0.26926
   0.42681  0.08907 -0.27418
   0.42056  0.08936 -0.27929
   0.41431  0.08963 -0.28463
   0.40807  0.08989 -0.29016
   0.40183  0.09013 -0.29593
   0.39559  0.09036 -0.30193
   0.38937  0.09057 -0.30811
   0.38315  0.09076 -0.31455
   0.37694  0.09094 -0.32116
   0.37073  0.09110 -0.32795
   0.36454  0.09124 -0.33492
   0.35835  0.09136 -0.34224
   0.35218  0.09146 -0.34948
   0.34602  0.09154 -0.35692
   0.33987  0.09161 -0.36449
   0.33373  0.09165 -0.37237
   0.32761  0.09166 -0.38006
   0.32151  0.09166 -0.38780
   0.31541  0.09163 -0.39567
   0.30934  0.09158 -0.40380
   0.30328  0.09150 -0.41096
   0.29725  0.09139 -0.41920
   0.29123  0.09125 -0.42762
   0.28523  0.09109 -0.43451
   0.27925  0.09090 -0.44242
   0.27329  0.09068 -0.44963
   0.26736  0.09042 -0.45743
   0.26145  0.09013 -0.46305
   0.25556  0.08981 -0.47027
   0.24969  0.08945 -0.47575
   0.24385  0.08906 -0.48207
   0.23804  0.08863 -0.48719
   0.23225  0.08816 -0.49086
   0.22648  0.08766 -0.49674
   0.22075  0.08711 -0.49682
   0.21504  0.08652 -0.50243
   0.20936  0.08589 -0.50225
   0.20370  0.08522 -0.50356
   0.19808  0.08450 -0.50424
   0.19248  0.08374 -0.50302
   0.18691  0.08293 -0.50213
   0.18138  0.08208 -0.49827
   0.17587  0.08118 -0.49670
   0.17039  0.08022 -0.49153
   0.16494  0.07923 -0.48634
   0.15952  0.07818 -0.47456
   0.15413  0.07707 -0.46946
   0.14877  0.07592 -0.45559
   0.14345  0.07472 -0.44687
   0.13815  0.07346 -0.42883
   0.13289  0.07216 -0.42055
   0.12767  0.07079 -0.39964
   0.12248  0.06938 -0.38467
   0.11732  0.06791 -0.36472
   0.11221  0.06639 -0.34576
   0.10714  0.06482 -0.31950
   0.10211  0.06320 -0.29751
   0.09714  0.06153 -0.27513
   0.09222  0.05981 -0.24503
   0.08736  0.05805 -0.22106
   0.08258  0.05625 -0.18945
   0.07787  0.05442 -0.16142
   0.07326  0.05255 -0.12652
   0.06876  0.05066 -0.09083
   0.06438  0.04877 -0.06563
   0.06014  0.04686 -0.02323
   0.05605  0.04497  0.00729
   0.05213  0.04309  0.04148
   0.04839  0.04125  0.07789
   0.04485  0.03944  0.11152
   0.04151  0.03769  0.14625
   0.03837  0.03599  0.18394
   0.03544  0.03435  0.21463
   0.03270  0.03278  0.25021
   0.03015  0.03127  0.28070
   0.02778  0.02983  0.31832
   0.02558  0.02844  0.34575
   0.02353  0.02712  0.37201
   0.02163  0.02586  0.40581
   0.01987  0.02464  0.44698
   0.01822  0.02348  0.47361
   0.01669  0.02236  0.50542
   0.01527  0.02128  0.52988
   0.01394  0.02023  0.56665
   0.01270  0.01922  0.60145
   0.01154  0.01825  0.62896
   0.01046  0.01731  0.64184
   0.00944  0.01639  0.68710
   0.00849  0.01549  0.71102
   0.00760  0.01461  0.75238
   0.00676  0.01374  0.79283
   0.00598  0.01287  0.82081
   0.00525  0.01202  0.84742
   0.00458  0.01118  0.87225
   0.00396  0.01035  0.90518
   0.00339  0.00953  0.93745
   0.00287  0.00874  0.95382
   0.00240  0.00796  0.98585
   0.00198  0.00719  1.00652
   0.00160  0.00645  1.01526
   0.00127  0.00571  1.02902
   0.00097  0.00499  1.03065
   0.00072  0.00428  1.03007
   0.00051  0.00358  1.02701
   0.00033  0.00289  0.98832
   0.00019  0.00220  0.96388
   0.00009  0.00152  0.95026
   0.00003  0.00084  0.91792
   0.00000  0.00017  0.84235
   0.00001 -0.00051  0.80199
   0.00007 -0.00119  0.73126
   0.00016 -0.00186  0.63940
   0.00029 -0.00255  0.60128
   0.00045 -0.00323  0.54801
   0.00066 -0.00392  0.42813
   0.00090 -0.00462  0.35862
   0.00118 -0.00532  0.28337
   0.00150 -0.00603  0.17001
   0.00186 -0.00675  0.08569
   0.00227 -0.00747 -0.01646
   0.00272 -0.00820 -0.10594
   0.00322 -0.00893 -0.20553
   0.00377 -0.00967 -0.29233
   0.00436 -0.01041 -0.36024
   0.00501 -0.01114 -0.45539
   0.00571 -0.01187 -0.52098
   0.00647 -0.01258 -0.60865
   0.00728 -0.01327 -0.68410
   0.00814 -0.01396 -0.71041
   0.00905 -0.01464 -0.75882
   0.01002 -0.01530 -0.78882
   0.01104 -0.01597 -0.81620
   0.01213 -0.01663 -0.84758
   0.01328 -0.01728 -0.88083
   0.01450 -0.01793 -0.88846
   0.01579 -0.01858 -0.89896
   0.01716 -0.01922 -0.92633
   0.01862 -0.01985 -0.92913
   0.02016 -0.02047 -0.93608
   0.02180 -0.02109 -0.93673
   0.02353 -0.02170 -0.94321
   0.02538 -0.02230 -0.93698
   0.02735 -0.02289 -0.92556
   0.02944 -0.02347 -0.91931
   0.03167 -0.02404 -0.91327
   0.03405 -0.02460 -0.88799
   0.03658 -0.02514 -0.87568
   0.03929 -0.02567 -0.85478
   0.04218 -0.02618 -0.83487
   0.04526 -0.02667 -0.81037
   0.04854 -0.02713 -0.78848
   0.05204 -0.02757 -0.76513
   0.05576 -0.02798 -0.74044
   0.05970 -0.02835 -0.71435
   0.06386 -0.02869 -0.68999
   0.06825 -0.02900 -0.66466
   0.07285 -0.02926 -0.64070
   0.07766 -0.02949 -0.61668
   0.08267 -0.02968 -0.59380
   0.08786 -0.02982 -0.57192
   0.09322 -0.02993 -0.55131
   0.09873 -0.03001 -0.53146
   0.10438 -0.03005 -0.51289
   0.11014 -0.03006 -0.49538
   0.11602 -0.03005 -0.47887
   0.12199 -0.03000 -0.46330
   0.12804 -0.02994 -0.44872
   0.13415 -0.02986 -0.43492
   0.14033 -0.02976 -0.42191
   0.14657 -0.02965 -0.40961
   0.15284 -0.02953 -0.39794
   0.15916 -0.02940 -0.38686
   0.16551 -0.02926 -0.37628
   0.17188 -0.02912 -0.36619
   0.17828 -0.02897 -0.35656
   0.18470 -0.02881 -0.34731
   0.19113 -0.02866 -0.33844
   0.19757 -0.02850 -0.32991
   0.20403 -0.02834 -0.32169
   0.21049 -0.02818 -0.31375
   0.21696 -0.02802 -0.30609
   0.22344 -0.02786 -0.29866
   0.22991 -0.02770 -0.29146
   0.23639 -0.02753 -0.28449
   0.24287 -0.02737 -0.27772
   0.24935 -0.02721 -0.27118
   0.25582 -0.02705 -0.26478
   0.26230 -0.02689 -0.25867
   0.26877 -0.02672 -0.25265
   0.27524 -0.02656 -0.24687
   0.28171 -0.02639 -0.24131
   0.28817 -0.02623 -0.23591
   0.29463 -0.02606 -0.23071
   0.30109 -0.02589 -0.22568
   0.30755 -0.02572 -0.22089
   0.31400 -0.02555 -0.21623
   0.32045 -0.02537 -0.21181
   0.32689 -0.02519 -0.20763
   0.33334 -0.02501 -0.20344
   0.33978 -0.02483 -0.19951
   0.34622 -0.02464 -0.19602
   0.35265 -0.02445 -0.19236
   0.35909 -0.02426 -0.18905
   0.36552 -0.02406 -0.18568
   0.37195 -0.02386 -0.18256
   0.37838 -0.02366 -0.17974
   0.38481 -0.02345 -0.17680
   0.39124 -0.02324 -0.17408
   0.39766 -0.02302 -0.17150
   0.40409 -0.02280 -0.16883
   0.41052 -0.02258 -0.16648
   0.41695 -0.02235 -0.16426
   0.42338 -0.02212 -0.16179
   0.42981 -0.02189 -0.15967
   0.43624 -0.02165 -0.15758
   0.44267 -0.02141 -0.15553
   0.44910 -0.02116 -0.15357
   0.45554 -0.02091 -0.15144
   0.46198 -0.02066 -0.14958
   0.46842 -0.02040 -0.14743
   0.47486 -0.02014 -0.14577
   0.48130 -0.01988 -0.14390
   0.48775 -0.01962 -0.14206
   0.49420 -0.01935 -0.14053
   0.50065 -0.01909 -0.13870
   0.50711 -0.01881 -0.13694
   0.51357 -0.01854 -0.13543
   0.52003 -0.01827 -0.13380
   0.52649 -0.01799 -0.13214
   0.53296 -0.01772 -0.13053
   0.53943 -0.01744 -0.12909
   0.54590 -0.01716 -0.12763
   0.55238 -0.01688 -0.12606
   0.55885 -0.01661 -0.12473
   0.56532 -0.01633 -0.12320
   0.57179 -0.01605 -0.12185
   0.57826 -0.01577 -0.12054
   0.58473 -0.01550 -0.11929
   0.59120 -0.01522 -0.11795
   0.59766 -0.01495 -0.11683
   0.60412 -0.01467 -0.11565
   0.61058 -0.01440 -0.11457
   0.61704 -0.01413 -0.11349
   0.62350 -0.01386 -0.11247
   0.62995 -0.01360 -0.11137
   0.63641 -0.01334 -0.11059
   0.64286 -0.01307 -0.10955
   0.64931 -0.01281 -0.10895
   0.65576 -0.01256 -0.10803
   0.66221 -0.01230 -0.10735
   0.66866 -0.01205 -0.10671
   0.67510 -0.01180 -0.10597
   0.68155 -0.01155 -0.10559
   0.68800 -0.01131 -0.10506
   0.69445 -0.01107 -0.10460
   0.70090 -0.01083 -0.10421
   0.70735 -0.01059 -0.10402
   0.71380 -0.01035 -0.10376
   0.72025 -0.01012 -0.10354
   0.72671 -0.00989 -0.10349
   0.73317 -0.00966 -0.10348
   0.73962 -0.00943 -0.10351
   0.74608 -0.00921 -0.10362
   0.75254 -0.00898 -0.10370
   0.75901 -0.00876 -0.10402
   0.76548 -0.00854 -0.10419
   0.77194 -0.00832 -0.10475
   0.77841 -0.00810 -0.10493
   0.78489 -0.00788 -0.10561
   0.79136 -0.00766 -0.10619
   0.79784 -0.00744 -0.10664
   0.80431 -0.00722 -0.10750
   0.81079 -0.00700 -0.10826
   0.81726 -0.00678 -0.10912
   0.82373 -0.00656 -0.11001
   0.83020 -0.00634 -0.11103
   0.83667 -0.00612 -0.11213
   0.84313 -0.00590 -0.11319
   0.84959 -0.00568 -0.11439
   0.85605 -0.00545 -0.11556
   0.86251 -0.00522 -0.11694
   0.86896 -0.00500 -0.11827
   0.87541 -0.00477 -0.11986
   0.88185 -0.00453 -0.12124
   0.88830 -0.00430 -0.12295
   0.89473 -0.00406 -0.12464
   0.90116 -0.00382 -0.12636
   0.90758 -0.00358 -0.12835
   0.91399 -0.00334 -0.13021
   0.92038 -0.00310 -0.13233
   0.92675 -0.00285 -0.13461
   0.93308 -0.00261 -0.13682
   0.93937 -0.00236 -0.13955
   0.94559 -0.00212 -0.14205
   0.95173 -0.00188 -0.14491
   0.95774 -0.00164 -0.14792
   0.96363 -0.00141 -0.15085
   0.96933 -0.00118 -0.15412
   0.97482 -0.00097 -0.15700
   0.98002 -0.00076 -0.15992
   0.98490 -0.00058 -0.16274
   0.98944 -0.00040 -0.16468
   0.99365 -0.00024 -0.16495
   0.99755 -0.00009 -0.16282
   1.00000  0.00000 -0.14427
